At time 1697477064.775795144
- Translation: [0.970, 0.668, 0.000]
- Rotation: in Quaternion [0.000, 0.000, -0.626, 0.780]
- Rotation: in RPY (radian) [0.000, 0.000, -1.352]
- Rotation: in RPY (degree) [0.000, 0.000, -77.456]
- Matrix:
  0.217  0.976  0.000  0.970
 -0.976  0.217 -0.000  0.668
 -0.000  0.000  1.000  0.000
  0.000  0.000  0.000  1.000
At time 1697477065.788015461
- Translation: [1.432, -0.499, 0.000]
- Rotation: in Quaternion [0.000, 0.000, 0.995, -0.097]
- Rotation: in RPY (radian) [0.000, -0.000, -2.948]
- Rotation: in RPY (degree) [0.000, -0.000, -168.880]
- Matrix:
 -0.981  0.193  0.000  1.432
 -0.193 -0.981  0.000 -0.499
  0.000  0.000  1.000  0.000
  0.000  0.000  0.000  1.000
At time 1697477066.781204606
- Translation: [0.533, -0.795, 0.000]
- Rotation: in Quaternion [0.000, 0.000, 0.713, 0.701]
- Rotation: in RPY (radian) [0.000, -0.000, 1.587]
- Rotation: in RPY (degree) [0.000, -0.000, 90.935]
- Matrix:
 -0.016 -1.000  0.000  0.533
  1.000 -0.016  0.000 -0.795
  0.000  0.000  1.000  0.000
  0.000  0.000  0.000  1.000
At time 1697477067.788487258
- Translation: [0.373, -0.352, 0.000]
- Rotation: in Quaternion [0.000, 0.000, 0.870, 0.493]
- Rotation: in RPY (radian) [0.000, -0.000, 2.111]
- Rotation: in RPY (degree) [0.000, -0.000, 120.980]
- Matrix:
 -0.515 -0.857  0.000  0.373
  0.857 -0.515  0.000 -0.352
  0.000  0.000  1.000  0.000
  0.000  0.000  0.000  1.000
At time 1697477068.786043858
- Translation: [-1.285, -0.139, 0.000]
- Rotation: in Quaternion [0.000, 0.000, 0.926, 0.377]
- Rotation: in RPY (radian) [0.000, -0.000, 2.369]
- Rotation: in RPY (degree) [0.000, -0.000, 135.719]
- Matrix:
 -0.716 -0.698  0.000 -1.285
  0.698 -0.716  0.000 -0.139
  0.000  0.000  1.000  0.000
  0.000  0.000  0.000  1.000
At time 1697477069.777365450
- Translation: [-2.843, -0.328, 0.000]
- Rotation: in Quaternion [0.000, 0.000, 0.179, 0.984]
- Rotation: in RPY (radian) [0.000, -0.000, 0.360]
- Rotation: in RPY (degree) [0.000, -0.000, 20.653]
- Matrix:
  0.936 -0.353  0.000 -2.843
  0.353  0.936  0.000 -0.328
  0.000  0.000  1.000  0.000
  0.000  0.000  0.000  1.000
At time 1697477070.786199433
- Translation: [-1.951, -1.176, 0.000]
- Rotation: in Quaternion [0.000, 0.000, 0.492, 0.871]
- Rotation: in RPY (radian) [0.000, -0.000, 1.029]
- Rotation: in RPY (degree) [0.000, -0.000, 58.949]
- Matrix:
  0.516 -0.857  0.000 -1.951
  0.857  0.516  0.000 -1.176
  0.000  0.000  1.000  0.000
  0.000  0.000  0.000  1.000
At time 1697477071.778363275
- Translation: [-1.407, -1.546, 0.000]
- Rotation: in Quaternion [0.000, 0.000, 0.659, 0.753]
- Rotation: in RPY (radian) [0.000, -0.000, 1.438]
- Rotation: in RPY (degree) [0.000, -0.000, 82.372]
- Matrix:
  0.133 -0.991  0.000 -1.407
  0.991  0.133  0.000 -1.546
  0.000  0.000  1.000  0.000
  0.000  0.000  0.000  1.000
At time 1697477072.785922458
- Translation: [-2.119, -1.278, 0.000]
- Rotation: in Quaternion [0.000, 0.000, 0.599, 0.801]
- Rotation: in RPY (radian) [0.000, -0.000, 1.284]
- Rotation: in RPY (degree) [0.000, -0.000, 73.569]
- Matrix:
  0.283 -0.959  0.000 -2.119
  0.959  0.283  0.000 -1.278
  0.000  0.000  1.000  0.000
  0.000  0.000  0.000  1.000
At time 1697477073.777657174
- Translation: [-2.724, -1.110, 0.000]
- Rotation: in Quaternion [0.000, 0.000, 0.453, 0.892]
- Rotation: in RPY (radian) [0.000, -0.000, 0.939]
- Rotation: in RPY (degree) [0.000, -0.000, 53.819]
- Matrix:
  0.590 -0.807  0.000 -2.724
  0.807  0.590  0.000 -1.110
  0.000  0.000  1.000  0.000
  0.000  0.000  0.000  1.000
At time 1697477074.785757219
- Translation: [-3.307, -0.666, 0.000]
- Rotation: in Quaternion [0.000, 0.000, 0.285, 0.958]
- Rotation: in RPY (radian) [0.000, -0.000, 0.579]
- Rotation: in RPY (degree) [0.000, -0.000, 33.164]
- Matrix:
  0.837 -0.547  0.000 -3.307
  0.547  0.837  0.000 -0.666
  0.000  0.000  1.000  0.000
  0.000  0.000  0.000  1.000
At time 1697477075.785123760
- Translation: [-0.748, -1.951, 0.000]
- Rotation: in Quaternion [0.000, 0.000, 0.711, 0.703]
- Rotation: in RPY (radian) [0.000, -0.000, 1.582]
- Rotation: in RPY (degree) [0.000, -0.000, 90.654]
- Matrix:
 -0.011 -1.000  0.000 -0.748
  1.000 -0.011  0.000 -1.951
  0.000  0.000  1.000  0.000
  0.000  0.000  0.000  1.000
At time 1697477076.777641252
- Translation: [-0.643, -1.914, 0.000]
- Rotation: in Quaternion [0.000, 0.000, 0.838, 0.546]
- Rotation: in RPY (radian) [0.000, -0.000, 1.985]
- Rotation: in RPY (degree) [0.000, -0.000, 113.760]
- Matrix:
 -0.403 -0.915  0.000 -0.643
  0.915 -0.403  0.000 -1.914
  0.000  0.000  1.000  0.000
  0.000  0.000  0.000  1.000
At time 1697477077.785356633
- Translation: [-1.371, -1.135, 0.000]
- Rotation: in Quaternion [0.000, 0.000, 0.800, 0.600]
- Rotation: in RPY (radian) [0.000, -0.000, 1.855]
- Rotation: in RPY (degree) [0.000, -0.000, 106.258]
- Matrix:
 -0.280 -0.960  0.000 -1.371
  0.960 -0.280  0.000 -1.135
  0.000  0.000  1.000  0.000
  0.000  0.000  0.000  1.000
At time 1697477078.777628909
- Translation: [-1.767, -0.354, 0.000]
- Rotation: in Quaternion [0.000, 0.000, 0.353, 0.936]
- Rotation: in RPY (radian) [0.000, -0.000, 0.722]
- Rotation: in RPY (degree) [0.000, -0.000, 41.376]
- Matrix:
  0.750 -0.661  0.000 -1.767
  0.661  0.750  0.000 -0.354
  0.000  0.000  1.000  0.000
  0.000  0.000  0.000  1.000
